0,0
1,1
2,2
3,3
4,4
5,6
6,5
7,5
8,6
9,7
10,7
11,6
12,6
13,6
14,6
15,6
16,6
17,6
18,6
19,8
20,8
21,8
22,6
23,6
24,8
25,6
26,3
27,6
28,8
29,6
30,8
31,9
32,11
33,1
34,7
35,7
36,7
37,5
38,6
39,10
40,6
41,5
42,6
43,12
44,13
45,8
46,6
47,15
48,6
49,6
50,14
51,6
52,7
53,7
54,16
55,6
56,5
57,5
58,8
59,6
60,6
61,8
62,4
63,6
64,8
65,4
66,6
67,8
68,6
69,6
70,4
71,6
72,16
73,6
74,16
75,5
76,7
77,6
78,5
79,6
80,17
81,6
82,0
83,3
84,16
85,6
86,6
87,6
88,4
89,4
90,11
91,6
92,3
93,4
94,16
95,6
96,6
97,6
98,3
99,7
100,12
101,6
102,5
103,5
104,8
105,8
106,8
107,6
108,4
109,4
110,18
111,8
112,8
113,6
114,19
115,8
116,6
117,6
118,4
119,8
120,8
121,11
122,6
123,8
124,20
125,3
126,8
127,4
128,3
129,6
130,8
131,6
132,21
133,21
134,4
135,4
136,4
137,4
138,4
139,3
140,8
141,15
142,1
143,6
144,6
145,22
146,3
147,16
148,19
149,23
150,23
151,11
152,1
153,8
154,11
155,11
156,23
157,0
158,23
159,5
160,3
161,23
162,3
163,1
164,16
165,6
166,7
167,7
168,3
169,8
170,6
171,6
172,6
173,6
174,6
175,6
176,11
177,13
178,4
179,6
180,2
181,11
182,6
183,8
184,11
185,7
186,6
187,8
188,16
189,21
190,21
191,23
192,6
193,6
194,13
195,24
196,8
197,6
198,2
199,2
200,8
201,16
202,6
203,21
204,6
205,11
206,0
207,6
208,8
209,8
210,7
211,21
212,8
213,7
214,6
215,16
216,6
217,16
218,25
219,8
220,6
221,12
222,12
223,12
224,6
225,6
226,6
227,6
228,6
229,6
230,5
231,26
232,26
233,4
234,4
235,8
236,6
237,0
238,13
239,11
240,21
241,1
242,1
243,8
244,10
245,6
246,13
247,6
248,8
249,8
250,6
251,5
252,6
253,6
254,16
255,8
256,8
257,8
258,6
259,1
260,8
261,6
262,6
263,6
264,8
265,3
266,6
267,16
268,27
269,7
270,1
271,4
272,4
273,8
274,6
275,8
276,6
277,4
278,21
279,22
280,23
281,3
282,6
283,3
284,3
285,23
286,4
287,4
288,3
289,6
290,6
291,4
292,4
293,4
294,4
295,16
296,6
297,4
298,4
299,12
300,6
301,23
302,11
303,1
304,11
305,4
306,3
307,14
308,0
309,6
310,6
311,6
312,21
313,1
314,1
315,6
316,4
317,0
318,11
319,6
320,6
321,7
322,26
323,7
324,1
325,1
326,8
327,4
328,5
329,12
330,12
331,6
332,21
333,8
334,21
335,6
336,4
337,2
338,23
339,23
340,3
341,4
342,1
343,1
344,0
345,1
346,7
347,3
348,7
349,6
350,0
351,17
352,0
353,8
354,7
355,19
356,28
357,1
358,7
359,11
360,11
361,8
362,6
363,4
364,8
365,6
366,0
367,1
368,6
369,17
370,6
371,0
372,4
373,6
374,7
375,29
376,16
377,13
378,5
379,6
380,6
381,4
382,12
383,5
384,6
385,23
386,0
387,1
388,14
389,17
390,17
391,10
392,8
393,19
394,3
395,22
396,6
397,1
398,6
399,1
400,7
401,30
402,8
403,12
404,8
405,8
406,16
407,8
408,21
409,21
410,21
411,8
412,8
413,31
414,8
415,21
416,31
417,31
418,16
419,31
420,21
421,21
422,21
423,21
424,31
425,21
426,0
427,0
428,8
429,4
430,4
431,19
432,11
433,1
434,19
435,22
436,6
437,8
438,21
439,4
440,6
441,17
442,17
443,6
444,8
445,0
446,0
447,4
448,4
449,17
450,6
451,7
452,4
453,19
454,10
455,23
456,3
457,23
458,3
459,1
460,11
461,21
462,3
463,3
464,11
465,8
466,4
467,17
468,0
469,6
470,10
471,0
472,4
473,8
474,6
475,16
476,21
477,4
478,4
479,21
480,4
481,5
482,6
483,3
484,8
485,1
486,0
487,8
488,23
489,6
490,6
491,5
492,6
493,6
494,21
495,1
496,0
497,20
498,6
499,21
500,25
501,8
502,31
503,31
504,31
505,21
506,25
507,31
508,21
509,21
510,21
511,21
512,31
513,31
514,31
515,21
516,21
517,21
518,31
519,21
520,8
521,8
522,21
523,21
524,31
525,21
526,21
527,21
528,8
529,31
530,8
531,21
532,16
533,8
534,21
535,21
536,8
537,23
538,23
539,21
540,6
541,0
542,6
543,2
544,11
545,16
546,7
547,30
548,4
549,3
550,8
551,6
552,3
553,6
554,4
555,4
556,6
557,8
558,6
559,3
560,8
561,3
562,3
563,3
564,7
565,6
566,6
567,6
568,3
569,5
570,12
571,8
572,0
573,0
574,8
575,7
576,13
577,27
578,13
579,0
580,6
581,4
582,19
583,7
584,4
585,23
586,1
587,14
588,6
589,17
590,6
591,2
592,2
593,6
594,8
595,27
596,27
597,11
598,8
599,7
600,6
601,4
602,6
603,5
604,5
605,16
606,8
607,6
608,6
609,3
610,5
611,5
612,12
613,6
614,6
615,8
616,31
617,21
618,6
619,4
620,7
621,7
622,6
623,8
624,6
625,10
626,7
627,8
628,8
629,16
630,6
631,4
632,4
633,7
634,6
635,8
636,7
637,23
638,1
639,3
640,18
641,5
642,27
643,6
644,6
645,8
646,6
647,11
648,11
649,11
650,0
651,11
652,1
653,8
654,0
655,0
656,6
657,6
658,5
659,6
660,6
661,6
662,6
663,6
664,6
665,6
666,6
667,4
668,1
669,1
670,1
671,19
672,17
673,6
674,15
675,6
676,8
677,21
678,21
679,0
680,19
681,8
682,17
683,16
684,8
685,8
686,8
687,17
688,6
689,6
690,12
691,12
692,5
693,5
694,6
695,27
696,12
697,6
698,13
699,12
700,0
701,18
702,8
703,24
704,3
705,0
706,6
707,8
708,6
709,2
710,14
711,8
712,7
713,0
714,0
715,1
716,21
717,16
718,2
719,19
720,8
721,29
722,16
723,13
724,6
725,32
726,23
727,27
728,8
729,2
730,23
731,6
732,17
733,13
734,4
735,6
736,21
737,8
738,8
739,14
740,8
741,6
742,6
743,17
744,6
745,5
746,16
747,16
748,21
749,1
750,6
751,4
752,15
753,6
754,21
755,21
756,21
757,31
758,21
759,30
760,30
761,4
762,19
763,6
764,19
765,0
766,4
767,6
768,32
769,0
770,14
771,8
772,15
773,2
774,6
775,11
776,5
777,5
778,6
779,6
780,6
781,3
782,20
783,19
784,0
785,0
786,7
787,21
788,4
789,22
790,23
791,23
792,21
793,5
794,5
795,5
796,0
797,6
798,18
799,17
800,8
801,21
802,6
803,6
804,5
805,4
806,8
807,33
808,3
809,3
810,6
811,6
812,12
813,6
814,5
815,2
816,10
817,4
818,0
819,6
820,7
821,19
822,19
823,14
824,4
825,4
826,16
827,14
828,0
829,6
830,23
831,24
832,13
833,4
834,4
835,14
836,4
837,4
838,8
839,8
840,30
841,6
842,8
843,27
844,6
845,0
846,13
847,6
848,6
849,17
850,19
851,8
852,8
853,5
854,6
855,11
856,8
857,6
858,3
859,21
860,23
861,6
862,8
863,0
864,7
865,16
866,4
867,30
868,19
869,23
870,23
871,34
872,8
873,7
874,19
875,6
876,6
877,13
878,21
879,6
880,17
881,2
882,5
883,8
884,6
885,8
886,21
887,8
888,8
889,8
890,16
891,16
892,19
893,6
894,0
895,8
896,8
897,4
898,8
899,6
900,21
901,31
902,21
903,21
904,21
905,5
906,5
907,6
908,6
909,21
910,8
911,11
912,0
913,8
914,0
915,3
916,27
917,6
918,6
919,17
920,6
921,4
922,1
923,3
924,1
925,6
926,6
927,6
928,6
929,6
930,6
931,6
932,6
933,23
934,27
935,6
936,6
937,6
938,4
939,3
940,4
941,10
942,4
943,23
944,0
945,8
946,6
947,16
948,4
949,12
950,8
951,4
952,17
953,6
954,30
955,21
956,22
957,6
958,0
959,15
960,3
961,23
962,23
963,6
964,14
965,23
966,8
967,5
968,5
969,6
970,4
971,4
972,27
973,21
974,7
975,3
976,32
977,1
978,6
979,13
980,6
981,27
982,6
983,5
984,3
985,3
986,5
987,23
988,11
989,8
990,6
991,5
992,6
993,6
994,35
995,3
996,5
997,23
998,5
999,4
1000,6
1001,6
1002,8
1003,23
1004,23
1005,27
1006,13
1007,12
1008,6
1009,14
1010,17
1011,8
1012,19
1013,8
1014,16
1015,19
1016,3
1017,23
1018,6
1019,6
1020,19
1021,19
1022,19
1023,1
1024,19
1025,1
1026,12
1027,30
1028,1
1029,1
1030,0
1031,1
1032,19
1033,6
1034,5
1035,6
1036,2
1037,4
1038,0
1039,0
1040,19
1041,5
1042,1
1043,18
1044,6
1045,0
1046,19
1047,19
1048,6
1049,6
1050,8
1051,26
1052,6
1053,4
1054,3
1055,4
1056,6
1057,21
1058,1
1059,6
1060,15
1061,3
1062,6
1063,12
1064,5
1065,5
1066,6
1067,10
1068,0
1069,19
1070,23
1071,6
1072,6
1073,0
1074,21
1075,13
1076,5
1077,11
1078,8
1079,17
1080,13
1081,6
1082,13
1083,6
1084,6
1085,5
1086,6
1087,6
1088,5
1089,6
1090,8
1091,22
1092,7
1093,1
1094,6
1095,3
1096,3
1097,13
1098,17
1099,6
1100,6
1101,5
1102,5
1103,34
1104,27
1105,21
1106,21
1107,31
1108,31
1109,8
1110,6
1111,6
1112,4
1113,8
1114,19
1115,13
1116,4
1117,8
1118,4
1119,4
1120,0
1121,23
1122,8
1123,19
1124,23
1125,8
1126,3
1127,5
1128,2
1129,12
1130,13
1131,5
1132,8
1133,26
1134,0
1135,8
1136,23
1137,4
1138,4
1139,8
1140,14
1141,3
1142,6
1143,26
1144,5
1145,23
1146,23
1147,23
1148,14
1149,6
1150,4
1151,6
1152,6
1153,6
1154,4
1155,23
1156,21
1157,16
1158,5
1159,31
1160,21
1161,7
1162,6
1163,4
1164,4
1165,26
1166,26
1167,31
1168,21
1169,21
1170,5
1171,5
1172,8
1173,6
1174,23
1175,5
1176,6
1177,1
1178,7
1179,19
1180,34
1181,34
1182,5
1183,5
1184,8
1185,6
1186,16
1187,6
1188,6
1189,16
1190,4
1191,6
1192,5
1193,6
1194,6
1195,16
1196,6
1197,6
1198,6
1199,5
1200,5
1201,12
1202,19
1203,7
1204,0
1205,1
1206,0
1207,0
1208,5
1209,12
1210,6
1211,6
1212,7
1213,16
1214,8
1215,8
1216,3
1217,17
1218,19
1219,6
1220,7
1221,23
1222,12
1223,27
1224,27
1225,27
1226,27
1227,1
1228,26
1229,6
1230,6
1231,17
1232,19
1233,6
1234,22
1235,6
1236,6
1237,8
1238,8
1239,5
1240,4
1241,5
1242,23
1243,14
1244,5
1245,6
1246,12
1247,5
1248,5
1249,1
1250,8
1251,16
1252,5
1253,27
1254,3
1255,17
1256,17
1257,17
1258,5
1259,6
1260,5
1261,6
1262,8
1263,8
1264,13
1265,4
1266,6
1267,16
1268,6
1269,6
1270,6
1271,17
1272,7
1273,12
1274,20
1275,7
1276,8
1277,5
1278,6
1279,6
1280,6
1281,6
1282,6
1283,0
1284,8
1285,8
1286,3
1287,4
1288,6
1289,3
1290,0
1291,16
1292,16
1293,1
1294,23
1295,8
1296,22
1297,6
1298,8
1299,27
1300,4
1301,26
1302,12
1303,6
1304,5
1305,6
1306,6
1307,6
1308,6
1309,24
1310,23
1311,3
1312,30
1313,1
1314,23
1315,0
1316,11
1317,0
1318,8
1319,21
1320,8
1321,31
1322,6
1323,11
1324,6
1325,4
1326,4
1327,13
1328,23
1329,1
1330,23
1331,19
1332,6
1333,6
1334,4
1335,5
1336,14
1337,23
1338,23
1339,1
1340,23
1341,23
1342,8
1343,19
1344,8
1345,6
1346,0
1347,17
1348,6
1349,17
1350,6
1351,0
1352,8
1353,8
1354,0
1355,0
1356,5
1357,5
1358,0
1359,1
1360,6
1361,12
1362,6
1363,17
1364,6
1365,36
1366,8
1367,16
1368,0
1369,17
1370,5
1371,6
1372,8
1373,19
1374,6
1375,4
1376,8
1377,8
1378,8
1379,5
1380,5
1381,0
1382,23
1383,4
1384,4
1385,16
1386,11
1387,17
1388,13
1389,8
1390,1
1391,6
1392,30
1393,21
1394,8
1395,23
1396,23
1397,6
1398,19
1399,6
1400,0
1401,9
1402,4
1403,11
1404,0
1405,6
1406,30
1407,6
1408,34
1409,21
1410,5
1411,5
1412,6
1413,23
1414,6
1415,16
1416,6
1417,14
1418,12
1419,3
1420,1
1421,23
1422,7
1423,2
1424,6
1425,16
1426,2
1427,17
1428,19
1429,13
1430,23
1431,6
1432,6
1433,8
1434,7
1435,6
1436,26
1437,17
1438,1
1439,11
1440,8
1441,16
1442,12
1443,4
1444,23
1445,23
1446,23
1447,23
1448,23
1449,27
1450,6
1451,21
1452,0
1453,34
1454,13
1455,6
1456,16
1457,27
1458,4
1459,0
1460,23
1461,1
1462,5
1463,8
1464,0
1465,16
1466,6
1467,23
1468,7
1469,1
1470,1
1471,0
1472,11
1473,24
1474,7
1475,5
1476,6
1477,10
1478,1
1479,24
1480,23
1481,23
1482,23
1483,14
1484,0
1485,14
1486,23
1487,21
1488,2
1489,23
1490,6
1491,6
1492,6
1493,5
1494,6
1495,6
1496,6
1497,6
1498,5
1499,5
1500,6
1501,23
1502,6
1503,27
1504,6
1505,6
1506,6
1507,6
1508,6
1509,28
1510,6
1511,30
1512,30
1513,4
1514,27
1515,27
1516,8
1517,11
1518,1
1519,6
1520,6
1521,6
1522,6
1523,1
1524,30
1525,30
1526,8
1527,6
1528,8
1529,27
1530,23
1531,5
1532,6
1533,31
1534,27
1535,23
1536,6
1537,5
1538,6
1539,8
1540,6
1541,4
1542,4
1543,6
1544,6
1545,3
1546,5
1547,6
1548,6
1549,6
1550,8
1551,5
1552,6
1553,6
1554,6
1555,6
1556,27
1557,4
1558,23
1559,23
1560,6
1561,19
1562,3
1563,3
1564,6
1565,23
1566,1
1567,6
1568,8
1569,11
1570,8
1571,3
1572,23
1573,27
1574,8
1575,24
1576,27
1577,13
1578,0
1579,27
1580,17
1581,7
1582,31
1583,2
1584,1
1585,0
1586,0
1587,13
1588,27
1589,3
1590,4
1591,5
1592,4
1593,11
1594,6
1595,2
1596,26
1597,14
1598,27
1599,2
1600,6
1601,21
1602,7
1603,5
1604,21
1605,27
1606,6
1607,27
1608,6
1609,6
1610,5
1611,5
1612,6
1613,17
1614,10
1615,13
1616,8
1617,8
1618,2
1619,1
1620,4
1621,32
1622,0
1623,23
1624,4
1625,6
1626,23
1627,4
1628,4
1629,0
1630,23
1631,6
1632,6
1633,12
1634,2
1635,6
1636,4
1637,12
1638,6
1639,16
1640,0
1641,0
1642,8
1643,6
1644,8
1645,8
1646,6
1647,18
1648,18
1649,6
1650,6
1651,5
1652,12
1653,6
1654,5
1655,21
1656,23
1657,4
1658,16
1659,8
1660,8
1661,23
1662,23
1663,11
1664,11
1665,4
1666,4
1667,6
1668,16
1669,7
1670,3
1671,26
1672,8
1673,6
1674,20
1675,6
1676,17
1677,8
1678,6
1679,8
1680,7
1681,6
1682,10
1683,6
1684,6
1685,6
1686,6
1687,6
1688,17
1689,6
1690,8
1691,5
1692,8
1693,14
1694,8
1695,8
1696,8
1697,6
1698,6
1699,16
1700,8
1701,8
1702,8
1703,14
1704,6
1705,9
1706,6
1707,6
1708,4
1709,23
1710,34
1711,27
1712,3
1713,7
1714,5
1715,13
1716,6
1717,6
1718,3
1719,6
1720,6
1721,8
1722,6
1723,6
1724,16
1725,6
1726,16
1727,1
1728,7
1729,7
1730,1
1731,1
1732,0
1733,1
1734,8
1735,17
1736,6
1737,6
1738,8
1739,6
1740,1
1741,6
1742,0
1743,5
1744,16
1745,6
1746,6
1747,6
1748,1
1749,11
1750,8
1751,6
1752,6
1753,7
1754,1
1755,8
1756,0
1757,11
1758,23
1759,16
1760,1
1761,7
1762,6
1763,6
1764,6
1765,6
1766,6
1767,8
1768,6
1769,8
1770,7
1771,8
1772,8
1773,14
1774,6
1775,6
1776,8
1777,8
1778,14
1779,0
1780,6
1781,18
1782,7
1783,0
1784,5
1785,8
1786,8
1787,31
1788,21
1789,17
1790,21
1791,6
1792,30
1793,13
1794,4
1795,1
1796,13
1797,13
1798,27
1799,27
1800,27
1801,1
1802,8
1803,23
1804,6
1805,16
1806,6
1807,8
1808,7
1809,6
1810,8
1811,17
1812,3
1813,4
1814,3
1815,27
1816,23
1817,6
1818,6
1819,5
1820,6
1821,6
1822,6
1823,5
1824,12
1825,27
1826,23
1827,6
1828,5
1829,6
1830,30
1831,30
1832,5
1833,23
1834,6
1835,6
1836,12
1837,6
1838,5
1839,5
1840,6
1841,6
1842,5
1843,6
1844,13
1845,36
1846,12
1847,12
1848,12
1849,11
1850,6
1851,31
1852,5
1853,23
1854,0
1855,16
1856,8
1857,8
1858,16
1859,5
1860,34
1861,3
1862,23
1863,22
1864,22
1865,8
1866,6
1867,6
1868,13
1869,6
1870,8
1871,16
1872,16
1873,16
1874,6
1875,6
1876,6
1877,5
1878,6
1879,6
1880,6
1881,5
1882,6
1883,7
1884,6
1885,11
1886,15
1887,19
1888,2
1889,6
1890,23
1891,23
1892,5
1893,5
1894,12
1895,6
1896,6
1897,5
1898,23
1899,12
1900,5
1901,5
1902,5
1903,5
1904,5
1905,13
1906,11
1907,12
1908,5
1909,4
1910,12
1911,5
1912,5
1913,6
1914,4
1915,6
1916,5
1917,6
1918,4
1919,6
1920,8
1921,6
1922,13
1923,13
1924,4
1925,27
1926,11
1927,6
1928,6
1929,6
1930,6
1931,4
1932,4
1933,4
1934,4
1935,4
1936,5
1937,16
1938,17
1939,16
1940,5
1941,23
1942,27
1943,13
1944,6
1945,27
1946,4
1947,6
1948,14
1949,19
1950,12
1951,27
1952,8
1953,16
1954,3
1955,8
1956,24
1957,27
1958,13
1959,13
1960,6
1961,5
1962,6
1963,6
1964,6
1965,6
1966,6
1967,20
1968,13
1969,14
1970,8
1971,6
1972,6
1973,23
1974,1
1975,0
1976,5
1977,5
1978,6
1979,8
1980,1
1981,21
1982,21
1983,27
1984,6
1985,6
1986,6
1987,6
1988,30
1989,0
1990,7
1991,1
1992,7
1993,1
1994,28
1995,7
1996,1
1997,1
1998,5
1999,6
2000,6
2001,2
2002,6
2003,17
2004,26
2005,0
2006,1
2007,4
2008,26
2009,8
2010,4
2011,6
2012,12
2013,26
2014,20
2015,0
2016,6
2017,2
2018,6
2019,5
2020,6
2021,5
2022,5
2023,6
2024,0
2025,8
2026,6
2027,13
2028,13
2029,7
2030,7
2031,4
2032,6
2033,4
2034,4
2035,4
2036,4
2037,16
2038,8
2039,0
2040,27
2041,16
2042,5
2043,23
2044,6
2045,27
2046,28
2047,14
2048,4
2049,19
2050,0
2051,4
2052,1
2053,1
2054,7
2055,6
2056,17
2057,13
2058,12
2059,8
2060,5
2061,6
2062,4
2063,4
2064,14
2065,0
2066,4
2067,19
2068,4
2069,4
2070,4
2071,5
2072,4
2073,6
2074,4
2075,6
2076,19
2077,8
2078,5
2079,4
2080,12
2081,5
2082,8
2083,4
2084,4
2085,7
2086,4
2087,8
2088,6
2089,6
2090,6
2091,6
2092,8
2093,7
2094,16
2095,8
2096,19
2097,6
2098,4
2099,6
2100,4
2101,8
2102,12
2103,6
2104,6
2105,6
2106,6
2107,6
2108,6
2109,6
2110,13
2111,7
2112,7
2113,5
2114,16
2115,7
2116,5
2117,10
2118,34
2119,6
2120,17
2121,7
2122,8
2123,2
2124,21
2125,31
2126,8
2127,21
2128,8
2129,6
2130,4
2131,2
2132,0
2133,19
2134,5
2135,5
2136,16
2137,16
2138,6
2139,26
2140,6
2141,3
2142,6
2143,4
2144,23
2145,5
2146,22
2147,12
2148,6
2149,5
2150,6
2151,27
2152,27
2153,17
2154,21
2155,12
2156,6
2157,6
2158,6
2159,8
2160,8
2161,8
2162,6
2163,6
2164,6
2165,6
2166,16
2167,27
2168,6
2169,16
2170,20
2171,27
2172,17
2173,6
2174,6
2175,6
2176,6
2177,6
2178,6
2179,5
2180,4
2181,19
2182,6
2183,0
2184,6
2185,5
2186,5
2187,0
2188,0
2189,19
2190,37
2191,1
2192,5
2193,6
2194,8
2195,5
2196,13
2197,13
2198,16
2199,23
2200,5
2201,13
2202,34
2203,13
2204,6
2205,13
2206,6
2207,6
2208,7
2209,6
2210,21
2211,23
2212,13
2213,19
2214,8
2215,8
2216,14
2217,6
2218,6
2219,6
2220,6
2221,6
2222,17
2223,6
2224,4
2225,15
2226,13
2227,13
2228,13
2229,13
2230,13
2231,6
2232,6
2233,6
2234,6
2235,19
2236,0
2237,3
2238,12
2239,6
2240,6
2241,6
2242,16
2243,8
2244,6
2245,0
2246,12
2247,7
2248,6
2249,5
2250,6
2251,17
2252,14
2253,34
2254,5
2255,6
2256,6
2257,6
2258,3
2259,3
2260,6
2261,6
2262,5
2263,6
2264,6
2265,4
2266,27
2267,6
2268,8
2269,8
2270,6
2271,26
2272,2
2273,21
2274,19
2275,23
2276,6
2277,0
2278,11
2279,11
2280,6
2281,3
2282,7
2283,5
2284,23
2285,17
2286,17
2287,17
2288,17
2289,13
2290,13
2291,27
2292,27
2293,1
2294,27
2295,13
2296,6
2297,14
2298,24
2299,24
2300,23
2301,5
2302,5
2303,23
2304,19
2305,0
2306,4
2307,6
2308,5
2309,19
2310,19
2311,22
2312,4
2313,38
2314,23
2315,6
2316,6
2317,6
2318,6
2319,0
2320,2
2321,5
2322,6
2323,23
2324,21
2325,1
2326,6
2327,12
2328,12
2329,6
2330,5
2331,5
2332,6
2333,10
2334,13
2335,6
2336,14
2337,8
2338,4
2339,4
2340,4
2341,12
2342,5
2343,6
2344,5
2345,6
2346,6
2347,8
2348,12
2349,4
2350,13
2351,34
2352,4
2353,7
2354,1
2355,6
2356,31
2357,1
2358,6
2359,6
2360,20
2361,6
2362,6
2363,12
2364,5
2365,0
2366,7
2367,1
2368,0
2369,17
2370,1
2371,27
2372,17
2373,4
2374,6
2375,7
2376,1
2377,21
2378,8
2379,0
2380,4
2381,4
2382,6
2383,16
2384,19
2385,22
2386,39
2387,2
2388,27
2389,5
2390,6
2391,1
2392,6
2393,1
2394,19
2395,6
2396,6
2397,7
2398,5
2399,6
2400,6
2401,5
2402,6
2403,8
2404,0
2405,11
2406,24
2407,6
2408,8
2409,5
2410,19
2411,17
2412,4
2413,4
2414,5
2415,37
2416,6
2417,37
2418,4
2419,6
2420,6
2421,6
2422,37
2423,0
2424,6
2425,5
2426,6
2427,6
2428,12
2429,14
2430,5
2431,8
2432,37
2433,30
2434,12
2435,6
2436,6
2437,4
2438,0
2439,0
2440,0
2441,0
2442,26
2443,4
2444,21
2445,21
2446,37
2447,5
2448,6
2449,12
2450,6
2451,6
2452,23
2453,23
2454,23
2455,23
2456,20
2457,8
2458,6
2459,12
2460,5
2461,37
2462,14
2463,13
2464,13
2465,0
2466,9
2467,5
2468,23
2469,5
2470,5
2471,16
2472,6
2473,16
2474,16
2475,16
2476,3
2477,17
2478,6
2479,3
2480,23
2481,19
2482,8
2483,13
2484,13
2485,13
2486,13
2487,13
2488,13
2489,23
2490,27
2491,17
2492,6
2493,6
2494,6
2495,6
2496,6
2497,8
2498,13
2499,23
2500,4
2501,6
2502,1
2503,1
2504,6
2505,13
2506,27
2507,23
2508,27
2509,27
2510,12
2511,5
2512,6
2513,6
2514,17
2515,22
2516,21
2517,8
2518,22
2519,6
2520,13
2521,17
2522,3
2523,4
2524,6
2525,7
2526,8
2527,8
2528,5
2529,26
2530,30
2531,17
2532,7
2533,5
2534,6
2535,5
2536,12
2537,5
2538,5
2539,6
2540,5
2541,1
2542,21
2543,7
2544,37
2545,27
2546,4
2547,17
2548,3
2549,8
2550,23
2551,6
2552,16
2553,38
2554,0
2555,0
2556,34
2557,11
2558,13
2559,6
2560,6
2561,5
2562,6
2563,0
2564,6
2565,0
2566,28
2567,0
2568,6
2569,12
2570,5
2571,13
2572,4
2573,6
2574,3
2575,12
2576,13
2577,6
2578,6
2579,10
2580,6
2581,4
2582,6
2583,16
2584,6
2585,6
2586,5
2587,6
2588,27
2589,0
2590,13
2591,13
2592,22
2593,23
2594,23
2595,23
2596,23
2597,12
2598,7
2599,1
2600,5
2601,39
2602,27
2603,30
2604,3
2605,6
2606,0
2607,9
2608,6
2609,23
2610,6
2611,6
2612,3
2613,3
2614,23
2615,8
2616,6
2617,34
2618,5
2619,5
2620,37
2621,5
2622,37
2623,5
2624,27
2625,27
2626,6
2627,5
2628,37
2629,6
2630,13
2631,13
2632,5
2633,2
2634,34
2635,23
2636,21
2637,6
2638,6
2639,6
2640,8
2641,28
2642,16
2643,4
2644,19
2645,1
2646,8
2647,30
2648,23
2649,23
2650,7
2651,16
2652,5
2653,13
2654,6
2655,6
2656,13
2657,19
2658,17
2659,7
2660,4
2661,16
2662,4
2663,5
2664,3
2665,23
2666,27
2667,6
2668,22
2669,22
2670,37
2671,21
2672,2
2673,2
2674,2
2675,2
2676,4
2677,5
2678,6
2679,6
2680,6
2681,6
2682,11
2683,30
2684,3
2685,0
2686,6
2687,0
2688,7
2689,7
2690,28
2691,0
2692,7
2693,8
2694,19
2695,4
2696,5
2697,17
2698,0
2699,0
2700,19
2701,17
2702,8
2703,8
2704,17
2705,17
2706,6
2707,1
2708,6
2709,5
2710,6
2711,8
2712,0
2713,5
2714,11
2715,6
2716,11
2717,12
2718,5
2719,4
2720,4
2721,23
2722,16
2723,0
2724,6
2725,6
2726,19
2727,14
2728,1
2729,7
2730,16
2731,4
2732,8
2733,7
2734,6
2735,5
2736,5
2737,12
2738,18
2739,6
2740,30
2741,6
2742,34
2743,17
2744,5
2745,8
2746,19
2747,1
2748,8
2749,8
2750,7
2751,8
2752,14
2753,5
2754,4
2755,37
2756,6
2757,1
2758,0
2759,6
2760,19
2761,12
2762,7
2763,1
2764,16
2765,15
2766,5
2767,6
2768,1
2769,7
2770,4
2771,6
2772,6
2773,4
2774,4
2775,13
2776,12
2777,6
2778,6
2779,5
2780,6
2781,1
2782,5
2783,6
2784,7
2785,4
2786,6
2787,6
2788,6
2789,23
2790,13
2791,21
2792,8
2793,26
2794,37
2795,2
2796,13
2797,4
2798,13
2799,6
2800,8
2801,23
2802,23
2803,0
2804,4
2805,6
2806,5
2807,12
2808,12
2809,6
2810,14
2811,5
2812,13
2813,5
2814,13
2815,12
2816,12
2817,8
2818,4
2819,4
2820,4
2821,4
2822,5
2823,5
2824,23
2825,23
2826,23
2827,4
2828,23
2829,34
2830,6
2831,8
2832,23
2833,4
2834,23
2835,6
2836,1
2837,14
2838,1
2839,7
2840,7
2841,1
2842,18
2843,11
2844,4
2845,34
2846,6
2847,6
2848,8
2849,11
2850,6
2851,17
2852,8
2853,6
2854,28
2855,7
2856,6
2857,6
2858,21
2859,6
2860,17
2861,6
2862,6
2863,6
2864,6
2865,23
2866,6
2867,4
2868,8
2869,6
2870,30
2871,18
2872,10
2873,19
2874,6
2875,6
2876,6
2877,21
2878,6
2879,6
2880,39
2881,5
2882,0
2883,18
2884,6
2885,21
2886,7
2887,0
2888,27
2889,23
2890,23
2891,3
2892,27
2893,6
2894,27
2895,22
2896,3
2897,23
2898,23
2899,23
2900,23
2901,23
2902,23
2903,23
2904,23
2905,23
2906,23
2907,23
2908,6
2909,23
2910,23
2911,5
2912,7
2913,7
2914,14
2915,16
2916,16
2917,1
2918,6
2919,8
2920,7
2921,6
2922,6
2923,5
2924,12
2925,23
2926,1
2927,34
2928,6
2929,34
2930,4
2931,17
2932,6
2933,0
2934,37
2935,6
2936,6
2937,6
2938,5
2939,6
2940,6
2941,6
2942,7
2943,1
2944,8
2945,13
2946,6
2947,6
2948,4
2949,6
2950,6
2951,6
2952,6
2953,0
2954,6
2955,6
2956,5
2957,8
2958,23
2959,30
2960,30
2961,6
2962,6
2963,4
2964,12
2965,6
2966,8
2967,23
2968,6
2969,5
2970,6
2971,5
2972,8
2973,34
2974,19
2975,6
2976,13
2977,6
2978,5
2979,30
2980,6
2981,6
2982,0
2983,6
2984,5
2985,6
2986,5
2987,8
2988,3
2989,0
2990,13
2991,6
2992,8
2993,27
2994,27
2995,1
2996,13
2997,0
2998,21
2999,0
3000,6
3001,6
3002,5
3003,6
3004,4
3005,4
3006,4
3007,6
3008,8
3009,8
3010,8
3011,0
3012,23
3013,23
3014,6
3015,22
3016,11
3017,27
3018,23
3019,23
3020,23
3021,23
3022,23
3023,23
3024,23
3025,23
3026,23
3027,23
3028,23
3029,27
3030,23
3031,23
3032,23
3033,23
3034,23
3035,23
3036,23
3037,23
3038,23
3039,23
3040,23
3041,23
3042,23
3043,39
3044,5
3045,5
3046,19
3047,13
3048,6
3049,1
3050,34
3051,6
3052,6
3053,19
3054,6
3055,6
3056,27
3057,0
3058,2
3059,14
3060,8
3061,23
3062,0
3063,6
3064,6
3065,0
3066,4
3067,4
3068,6
3069,6
3070,8
3071,5
3072,6
3073,7
3074,1
3075,11
3076,27
3077,21
3078,6
3079,6
3080,6
3081,8
3082,19
3083,1
3084,6
3085,11
3086,6
3087,23
3088,4
3089,6
3090,6
3091,6
3092,19
3093,6
3094,13
3095,13
3096,13
3097,9
3098,23
3099,23
3100,23
3101,23
3102,21
3103,23
3104,3
3105,23
3106,34
3107,6
3108,6
3109,21
3110,27
3111,0
3112,6
3113,17
3114,8
3115,0
3116,6
3117,22
3118,6
3119,39
3120,13
3121,5
3122,1
3123,14
3124,13
3125,13
3126,8
3127,4
3128,23
3129,6
3130,6
3131,4
3132,7
3133,8
3134,1
3135,1
3136,6
3137,6
3138,20
3139,14
3140,23
3141,4
3142,5
3143,5
3144,7
3145,6
3146,6
3147,6
3148,23
3149,12
3150,12
3151,12
3152,13
3153,0
3154,1
3155,34
3156,6
3157,5
3158,6
3159,6
3160,12
3161,6
3162,0
3163,23
3164,13
3165,4
3166,4
3167,23
3168,23
3169,30
3170,6
3171,6
3172,21
3173,22
3174,13
3175,13
3176,1
3177,8
3178,7
3179,6
3180,8
3181,6
3182,6
3183,5
3184,5
3185,23
3186,23
3187,23
3188,30
3189,6
3190,12
3191,0
3192,30
3193,30
3194,22
3195,3
3196,3
3197,3
3198,6
3199,8
3200,6
3201,6
3202,6
3203,17
3204,4
3205,23
3206,19
3207,1
3208,13
3209,6
3210,6
3211,5
3212,6
3213,1
3214,0
3215,7
3216,6
3217,12
3218,1
3219,1
3220,7
3221,0
3222,4
3223,6
3224,5
3225,6
3226,6
3227,6
3228,5
3229,6
3230,27
3231,13
3232,13
3233,12
3234,4
3235,4
3236,6
3237,19
3238,6
3239,6
3240,5
3241,1
3242,21
3243,6
3244,27
3245,13
3246,13
3247,5
3248,6
3249,13
3250,10
3251,4
3252,0
3253,5
3254,16
3255,5
3256,3
3257,13
3258,5
3259,16
3260,21
3261,6
3262,14
3263,27
3264,23
3265,16
3266,8
3267,6
3268,3
3269,3
3270,6
3271,6
3272,5
3273,12
3274,5
3275,5
3276,5
3277,12
3278,5
3279,5
3280,12
3281,12
3282,5
3283,5
3284,5
3285,5
3286,12
3287,5
3288,5
3289,5
3290,5
3291,5
3292,5
3293,5
3294,10
3295,6
3296,6
3297,6
3298,17
3299,20
3300,13
3301,37
3302,17
3303,6
3304,6
3305,3
3306,17
3307,3
3308,17
3309,22
3310,17
3311,0
3312,11
3313,6
3314,6
3315,17
3316,0
3317,13
3318,23
3319,5
3320,5
3321,6
3322,6
3323,6
3324,6
3325,6
3326,12
3327,11
3328,6
3329,6
3330,6
3331,8
3332,5
3333,11
3334,6
3335,17
3336,6
3337,8
3338,6
3339,27
3340,20
3341,8
3342,0
3343,16
3344,8
3345,16
3346,8
3347,4
3348,23
3349,21
3350,14
3351,0
3352,5
3353,5
3354,6
3355,6
3356,13
3357,4
3358,27
3359,6
3360,8
3361,27
3362,11
3363,1
3364,0
3365,0
3366,0
3367,14
3368,8
3369,18
3370,5
3371,23
3372,23
3373,19
3374,6
3375,15
3376,3
3377,6
3378,21
3379,23
3380,23
3381,5
3382,23
3383,17
3384,8
3385,6
3386,6
3387,6
3388,6
3389,5
3390,17
3391,7
3392,19
3393,6
3394,17
3395,5
3396,8
3397,6
3398,7
3399,27
3400,5
3401,26
3402,23
3403,17
3404,5
3405,4
3406,0
3407,0
3408,5
3409,8
3410,3
3411,0
3412,19
3413,19
3414,7
3415,30
3416,4
3417,1
3418,7
3419,4
3420,16
3421,34
3422,5
3423,6
3424,6
3425,5
3426,5
3427,19
3428,5
3429,15
3430,1
3431,39
3432,23
3433,6
3434,5
3435,23
3436,8
3437,4
3438,4
3439,4
3440,0
3441,0
3442,23
3443,7
3444,19
3445,5
3446,11
3447,21
3448,27
3449,5
3450,7
3451,3
3452,23
3453,1
3454,8
3455,6
3456,14
3457,1
3458,6
3459,5
3460,6
3461,13
3462,13
3463,27
3464,3
3465,27
3466,8
3467,8
3468,23
3469,4
3470,6
3471,6
3472,31
3473,23
3474,6
3475,8
3476,21
3477,5
3478,30
3479,7
3480,8
3481,1
3482,4
3483,21
3484,6
3485,23
3486,23
3487,11
3488,27
3489,17
3490,6
3491,6
3492,3
3493,39
3494,6
3495,12
3496,6
3497,16
3498,23
3499,6
3500,5
3501,6
3502,26
3503,5
3504,6
3505,6
3506,23
3507,23
3508,16
3509,6
3510,6
3511,15
3512,26
3513,3
3514,3
3515,27
3516,23
3517,26
3518,6
3519,6
3520,6
3521,6
3522,27
3523,6
3524,13
3525,4
3526,23
3527,23
3528,23
3529,23
3530,23
3531,23
3532,23
3533,23
3534,23
3535,27
3536,11
3537,0
3538,12
3539,19
3540,5
3541,13
3542,13
3543,12
3544,5
3545,27
3546,5
3547,23
3548,8
3549,5
3550,8
3551,4
3552,13
3553,0
3554,6
3555,23
3556,6
3557,6
3558,6
3559,6
3560,23
3561,3
3562,16
3563,6
3564,6
3565,0
3566,4
3567,6
3568,13
3569,4
3570,4
3571,6
3572,13
3573,6
3574,6
3575,3
3576,5
3577,0
3578,6
3579,6
3580,37
3581,23
3582,23
3583,23
3584,23
3585,23
3586,23
3587,23
3588,23
3589,23
3590,23
3591,2
3592,23
3593,12
3594,23
3595,5
3596,6
3597,13
3598,13
3599,13
3600,13
3601,13
3602,13
3603,13
3604,13
3605,13
3606,6
3607,5
3608,6
3609,5
3610,6
3611,0
3612,6
3613,0
3614,0
3615,8
3616,0
3617,6
3618,13
3619,6
3620,6
3621,21
3622,6
3623,5
3624,18
3625,5
3626,8
3627,6
3628,6
3629,14
3630,14
3631,8
3632,6
3633,12
3634,17
3635,23
3636,5
3637,6
3638,27
3639,6
3640,27
3641,6
3642,5
3643,0
3644,3
3645,22
3646,6
3647,8
3648,5
3649,5
3650,22
3651,17
3652,8
3653,6
3654,6
3655,6
3656,6
3657,19
3658,8
3659,8
3660,0
3661,6
3662,4
3663,27
3664,8
3665,6
3666,27
3667,0
3668,23
3669,13
3670,14
3671,5
3672,5
3673,7
3674,14
3675,23
3676,12
3677,5
3678,6
3679,6
3680,5
3681,6
3682,5
3683,5
3684,34
3685,5
3686,12
3687,5
3688,5
3689,19
3690,8
3691,23
3692,6
3693,29
3694,1
3695,0
3696,6
3697,6
3698,5
3699,4
3700,4
3701,4
3702,0
3703,8
3704,13
3705,8
3706,6
3707,13
3708,34
3709,6
3710,34
3711,8
3712,13
3713,14
3714,6
3715,1
3716,1
3717,0
3718,8
3719,8
3720,8
3721,6
3722,17
3723,17
3724,8
3725,4
3726,23
3727,4
3728,4
3729,4
3730,8
3731,5
3732,8
3733,6
3734,23
3735,4
3736,23
3737,5
3738,12
3739,23
3740,13
3741,13
3742,4
3743,12
3744,27
3745,23
3746,0
3747,6
3748,13
3749,13
3750,16
3751,21
3752,5
3753,34
3754,13
3755,23
3756,6
3757,40
3758,6
3759,4
3760,6
3761,6
3762,7
3763,8
3764,8
3765,13
3766,6
3767,23
3768,22
3769,17
3770,27
3771,6
3772,4
3773,5
3774,13
3775,4
3776,4
3777,13
3778,27
3779,4
3780,6
3781,21
3782,23
3783,8
3784,19
3785,19
3786,27
3787,5
3788,7
3789,5
3790,23
3791,23
3792,23
3793,5
3794,6
3795,5
3796,23
3797,0
3798,0
3799,0
3800,0
3801,17
3802,13
3803,13
3804,34
3805,34
3806,6
3807,5
3808,7
3809,6
3810,23
3811,0
3812,6
3813,12
3814,3
3815,2
3816,6
3817,27
3818,27
3819,5
3820,23
3821,4
3822,34
3823,27
3824,6
3825,7
3826,6
3827,0
3828,5
3829,5
3830,5
3831,27
3832,27
3833,4
3834,28
3835,5
3836,6
3837,5
3838,34
3839,7
3840,8
3841,3
3842,4
3843,27
3844,13
3845,5
3846,27
3847,5
3848,23
3849,23
3850,23
3851,23
3852,23
3853,5
3854,5
3855,6
3856,8
3857,14
3858,23
3859,8
3860,8
3861,22
3862,19
3863,6
3864,19
3865,27
3866,6
3867,25
3868,12
3869,27
3870,27
3871,8
3872,13
3873,34
3874,6
3875,6
3876,6
3877,12
3878,19
3879,23
3880,23
3881,5
3882,12
3883,27
3884,7
3885,1
3886,8
3887,12
3888,12
3889,12
3890,12
3891,1
3892,7
3893,1
3894,4
3895,23
3896,34
3897,6
3898,6
3899,6
3900,23
3901,23
3902,0
3903,7
3904,1
3905,1
3906,19
3907,19
3908,0
3909,27
3910,23
3911,37
3912,16
3913,16
3914,34
3915,1
3916,1
3917,6
3918,0
3919,5
3920,14
3921,13
3922,23
3923,27
3924,13
3925,27
3926,6
3927,0
3928,1
3929,5
3930,16
3931,23
3932,23
3933,6
3934,8
3935,3
3936,6
3937,13
3938,5
3939,0
3940,19
3941,23
3942,0
3943,5
3944,27
3945,27
3946,21
3947,6
3948,6
3949,0
3950,1
3951,0
3952,13
3953,8
3954,13
3955,14
3956,23
3957,1
3958,1
3959,19
3960,36
3961,0
3962,19
3963,6
3964,17
3965,5
3966,6
3967,6
3968,8
3969,8
3970,18
3971,6
3972,13
3973,13
3974,13
3975,13
3976,13
3977,13
3978,13
3979,13
3980,14
3981,13
3982,13
3983,13
3984,13
3985,13
3986,13
3987,13
3988,13
3989,13
3990,13
3991,12
3992,27
3993,27
3994,27
3995,5
3996,5
3997,27
3998,6
3999,5
4000,16
4001,27
4002,6
4003,23
4004,8
4005,12
4006,0
4007,6
4008,23
4009,7
4010,1
4011,1
4012,16
4013,7
4014,23
4015,0
4016,14
4017,14
4018,6
4019,6
4020,6
4021,6
4022,6
4023,6
4024,6
4025,6
4026,5
4027,5
4028,13
4029,21
4030,21
4031,21
4032,6
4033,19
4034,13
4035,22
4036,7
4037,39
4038,39
4039,13
4040,5
4041,5
4042,5
4043,5
4044,6
4045,5
4046,12
4047,23
4048,0
4049,23
4050,13
4051,13
4052,13
4053,13
4054,27
4055,37
4056,12
4057,27
4058,0
4059,1
4060,27
4061,27
4062,27
4063,27
4064,23
4065,23
4066,6
4067,9
4068,6
4069,23
4070,27
4071,27
4072,27
4073,13
4074,13
4075,3
4076,16
4077,1
4078,7
4079,1
4080,1
4081,7
4082,6
4083,4
4084,19
4085,13
4086,6
4087,6
4088,23
4089,23
4090,6
4091,6
4092,5
4093,4
4094,13
4095,6
4096,6
4097,5
4098,6
4099,0
4100,13
4101,13
4102,0
4103,13
4104,30
4105,6
4106,5
4107,6
4108,27
4109,0
4110,1
4111,27
4112,27
4113,17
4114,17
4115,16
4116,23
4117,20
4118,20
4119,1
4120,0
4121,27
4122,27
4123,27
4124,6
4125,23
4126,13
4127,6
4128,5
4129,19
4130,1
4131,23
4132,14
4133,13
4134,0
4135,7
4136,5
4137,6
4138,6
4139,26
4140,3
4141,27
4142,5
4143,13
4144,6
4145,6
4146,6
4147,6
4148,5
4149,2
4150,5
4151,6
4152,5
4153,6
4154,23
4155,23
4156,5
4157,27
4158,6
4159,6
4160,19
4161,17
4162,6
4163,4
4164,27
4165,27
4166,23
4167,3
4168,0
4169,5
4170,23
4171,23
4172,8
4173,23
4174,3
4175,6
4176,4
4177,13
4178,12
4179,12
4180,12
4181,12
4182,12
4183,12
4184,12
4185,12
4186,12
4187,12
4188,12
4189,37
4190,27
4191,27
4192,27
4193,27
4194,27
4195,27
4196,23
4197,14
4198,6
4199,6
4200,1
4201,7
4202,0
4203,16
4204,34
4205,13
4206,13
4207,7
4208,0
4209,13
4210,5
4211,6
4212,27
4213,27
4214,6
4215,6
4216,8
4217,4
4218,7
4219,1
4220,0
4221,1
4222,7
4223,27
4224,23
4225,13
4226,0
4227,8
4228,8
4229,23
4230,23
4231,14
4232,4
4233,4
4234,7
4235,27
4236,23
4237,8
4238,1
4239,8
4240,27
4241,27
4242,27
4243,8
4244,4
4245,27
4246,6
4247,0
4248,0
4249,0
4250,27
4251,27
4252,27
4253,27
4254,4
4255,6
4256,5
4257,5
4258,6
4259,5
4260,6
4261,12
4262,12
4263,23
4264,2
4265,5
4266,0
4267,6
4268,27
4269,27
4270,13
4271,6
4272,13
4273,6
4274,23
4275,5
4276,6
4277,6
4278,6
4279,6
4280,6
4281,6
4282,6
4283,6
4284,1
4285,16
4286,5
4287,6
4288,7
4289,13
4290,0
4291,1
4292,7
4293,27
4294,27
4295,6
4296,1
4297,13
4298,13
4299,13
4300,5
4301,5
4302,5
4303,6
4304,14
4305,12
4306,12
4307,7
4308,6
4309,6
4310,1
4311,16
4312,6
4313,12
4314,6
4315,6
4316,8
4317,0
4318,11
4319,6
4320,6
4321,8
4322,27
4323,8
4324,6
4325,11
4326,19
4327,11
4328,8
4329,8
4330,5
4331,13
4332,13
4333,23
4334,7
4335,8
4336,4
4337,0
4338,7
4339,1
4340,6
4341,6
4342,6
4343,27
4344,14
4345,6
4346,6
4347,6
4348,6
4349,6
4350,22
4351,6
4352,13
4353,6
4354,6
4355,6
4356,8
4357,8
4358,0
4359,37
4360,5
4361,8
4362,6
4363,29
4364,8
4365,23
4366,6
4367,0
4368,7
4369,0
4370,0
4371,6
4372,1
4373,7
4374,23
4375,17
4376,27
4377,23
4378,1
4379,23
4380,21
4381,4
4382,0
4383,14
4384,5
4385,6
4386,23
4387,12
4388,27
4389,23
4390,23
4391,23
4392,16
4393,23
4394,23
4395,23
4396,16
4397,3
4398,3
4399,23
4400,6
4401,6
4402,6
4403,13
4404,13
4405,4
4406,6
4407,37
4408,27
4409,23
4410,5
4411,17
4412,22
4413,0
4414,0
4415,23
4416,23
4417,23
4418,0
4419,27
4420,27
4421,27
4422,23
4423,5
4424,3
4425,8
4426,8
4427,16
4428,5
4429,27
4430,6
4431,31
4432,14
4433,8
4434,5
4435,4
4436,4
4437,30
4438,8
4439,5
4440,23
4441,23
4442,6
4443,6
4444,17
4445,6
4446,6
4447,23
4448,23
4449,1
4450,23
4451,23
4452,2
4453,4
4454,0
4455,0
4456,23
4457,0
4458,6
4459,23
4460,7
4461,7
4462,7
4463,7
4464,7
4465,6
4466,23
4467,7
4468,7
4469,6
4470,8
4471,3
4472,5
4473,1
4474,21
4475,5
4476,22
4477,23
4478,23
4479,12
4480,27
4481,13
4482,6
4483,6
4484,8
4485,23
4486,6
4487,6
4488,13
4489,13
4490,17
4491,6
4492,27
4493,0
4494,16
4495,14
4496,13
4497,12
4498,23
4499,13
4500,13
4501,23
4502,4
4503,39
4504,4
4505,13
4506,4
4507,17
4508,7
4509,8
4510,8
4511,13
4512,19
4513,5
4514,21
4515,6
4516,6
4517,23
4518,23
4519,7
4520,7
4521,7
4522,7
4523,7
4524,1
4525,28
4526,1
4527,1
4528,1
4529,19
4530,1
4531,7
4532,19
4533,3
4534,5
4535,16
4536,6
4537,23
4538,23
4539,4
4540,13
4541,13
4542,0
4543,14
4544,6
4545,4
4546,27
4547,27
4548,27
4549,27
4550,23
4551,0
4552,23
4553,5
4554,13
4555,23
4556,12
4557,1
4558,34
4559,34
4560,23
4561,0
4562,4
4563,2
4564,8
4565,14
4566,23
4567,33
4568,13
4569,8
4570,23
4571,13
4572,23
4573,23
4574,23
4575,5
4576,4
4577,27
4578,7
4579,6
4580,13
4581,1
4582,7
4583,6
4584,6
4585,6
4586,6
4587,6
4588,6
4589,5
4590,14
4591,6
4592,6
4593,23
4594,23
4595,12
4596,12
4597,12
4598,27
4599,27
4600,27
4601,27
4602,22
4603,23
4604,27
4605,27
4606,8
4607,5
4608,5
4609,12
4610,6
4611,27
4612,6
4613,12
4614,8
4615,8
4616,6
4617,23
4618,23
4619,5
4620,5
4621,6
4622,5
4623,6
4624,0
4625,18
4626,4
4627,39
4628,3
4629,27
4630,3
4631,3
4632,3
4633,3
4634,6
4635,3
4636,27
4637,3
4638,3
4639,27
4640,4
4641,27
4642,3
4643,23
4644,23
4645,0
4646,2
4647,5
4648,1
4649,27
4650,6
4651,6
4652,6
4653,23
4654,23
4655,6
4656,8
4657,17
4658,27
4659,5
4660,13
4661,6
4662,0
4663,4
4664,6
4665,18
4666,8
4667,27
4668,0
4669,27
4670,0
4671,6
4672,12
4673,6
4674,6
4675,5
4676,6
4677,19
4678,7
4679,0
4680,1
4681,6
4682,0
4683,5
4684,16
4685,30
4686,0
4687,7
4688,23
4689,13
4690,6
4691,0
4692,0
4693,11
4694,13
4695,7
4696,27
4697,6
4698,8
4699,6
4700,23
4701,4
4702,5
4703,5
4704,4
4705,27
4706,5
4707,6
4708,27
4709,18
4710,23
4711,6
4712,6
4713,6
4714,6
4715,6
4716,27
4717,0
4718,0
4719,6
4720,5
4721,0
4722,16
4723,5
4724,0
4725,5
4726,13
4727,13
4728,8
4729,13
4730,13
4731,27
4732,23
4733,8
4734,27
4735,23
4736,13
4737,6
4738,6
4739,34
4740,34
4741,0
4742,27
4743,16
4744,0
4745,23
4746,0
4747,27
4748,2
4749,27
4750,23
4751,6
4752,4
4753,0
4754,19
4755,23
4756,5
4757,27
4758,22
4759,23
4760,4
4761,5
4762,23
4763,34
4764,37
4765,6
4766,27
4767,6
4768,16
4769,3
4770,27
4771,37
4772,13
4773,6
4774,17
4775,4
4776,27
4777,23
4778,13
4779,27
4780,27
4781,4
4782,13
4783,27
4784,23
4785,27
4786,23
4787,13
4788,23
4789,4
4790,4
4791,27
4792,34
4793,23
4794,6
4795,23
4796,0
4797,4
4798,4
4799,23
4800,23
4801,23
4802,27
4803,23
4804,23
4805,23
4806,27
4807,14
4808,23
4809,23
4810,23
4811,5
4812,13
4813,6
4814,27
4815,6
4816,8
4817,37
4818,27
4819,23
4820,26
4821,8
4822,13
4823,6
4824,6
4825,0
4826,13
4827,5
4828,23
4829,13
4830,13
4831,23
4832,23
4833,22
4834,6
4835,23
4836,4
4837,19
4838,1
4839,23
4840,5
4841,23
4842,4
4843,4
4844,13
4845,6
4846,6
4847,6
4848,6
4849,13
4850,34
4851,6
4852,23
4853,12
4854,5
4855,5
4856,0
4857,15
4858,6
4859,6
4860,5
4861,5
4862,11
4863,27
4864,5
4865,1
4866,19
4867,7
4868,34
4869,22
4870,13
4871,23
4872,23
4873,12
4874,5
4875,12
4876,7
4877,27
4878,23
4879,4
4880,27
4881,9
4882,6
4883,4
4884,3
4885,5
4886,7
4887,39
4888,23
4889,8
4890,5
4891,0
4892,17
4893,17
4894,7
4895,0
4896,0
4897,0
4898,11
4899,5
4900,6
4901,6
4902,6
4903,6
4904,8
4905,6
4906,12
4907,6
4908,5
4909,23
4910,6
4911,6
4912,4
4913,0
4914,0
4915,5
4916,23
4917,23
4918,23
4919,23
4920,23
4921,23
4922,6
4923,23
4924,23
4925,23
4926,27
4927,3
4928,6
4929,14
4930,23
4931,8
4932,21
4933,27
4934,27
4935,34
4936,12
4937,27
4938,6
4939,13
4940,5
4941,37
4942,0
4943,5
4944,5
4945,8
4946,6
4947,8
4948,6
4949,8
4950,17
4951,4
4952,4
4953,4
4954,0
4955,5
4956,8
4957,27
4958,27
4959,6
4960,12
4961,27
4962,12
4963,6
4964,27
4965,27
4966,27
4967,27
4968,3
4969,4
4970,27
4971,4
4972,6
4973,5
4974,6
4975,3
4976,6
4977,11
4978,27
4979,4
4980,12
4981,6
4982,6
4983,6
4984,6
4985,8
4986,22
4987,7
4988,7
4989,1
4990,1
4991,0
4992,1
4993,1
4994,0
4995,7
4996,0
4997,6
4998,8
4999,6
5000,8
5001,27
5002,23
5003,23
5004,27
5005,23
5006,23
5007,23
5008,23
5009,23
5010,27
5011,27
5012,27
5013,18
5014,27
5015,12
5016,17
5017,8
5018,17
5019,17
5020,13
5021,13
5022,6
5023,27
5024,27
5025,27
5026,23
5027,5
5028,5
5029,27
5030,4
5031,23
5032,13
5033,27
5034,5
5035,13
5036,4
5037,27
5038,23
5039,6
5040,23
5041,23
5042,5
5043,6
5044,6
5045,6
5046,7
5047,7
5048,6
5049,5
5050,23
5051,1
5052,35
5053,7
5054,30
5055,1
5056,19
5057,19
5058,7
5059,7
5060,7
5061,0
5062,0
5063,0
5064,0
5065,14
5066,4
5067,7
5068,7
5069,7
5070,0
5071,7
5072,7
5073,1
5074,1
5075,0
5076,19
5077,16
5078,23
5079,8
5080,13
5081,13
5082,13
5083,13
5084,12
5085,5
5086,30
5087,30
5088,4
5089,16
5090,23
5091,23
5092,23
5093,4
5094,27
5095,27
5096,27
5097,8
5098,8
5099,8
5100,4
5101,7
5102,3
5103,23
5104,18
5105,13
5106,34
5107,23
5108,6
5109,1
5110,1
5111,1
5112,7
5113,4
5114,8
5115,6
5116,23
5117,5
5118,19
5119,23
5120,8
5121,6
5122,6
5123,27
5124,3
5125,23
5126,4
5127,4
5128,8
5129,0
5130,7
5131,6
5132,1
5133,0
5134,10
5135,14
5136,14
5137,13
5138,5
5139,30
5140,30
5141,5
5142,5
5143,3
5144,3
5145,23
5146,6
5147,4
5148,4
5149,16
5150,7
5151,7
5152,1
5153,4
5154,4
5155,27
5156,23
5157,23
5158,7
5159,13
5160,6
5161,0
5162,14
5163,5
5164,6
5165,12
5166,4
5167,4
5168,4
5169,4
5170,12
5171,23
5172,4
5173,6
5174,5
5175,4
5176,7
5177,1
5178,1
5179,19
5180,1
5181,6
5182,6
5183,4
5184,5
5185,5
5186,6
5187,16
5188,4
5189,27
5190,23
5191,23
5192,23
5193,27
5194,23
5195,5
5196,1
5197,23
5198,6
5199,18
5200,0
5201,12
5202,27
5203,6
5204,23
5205,6
5206,7
5207,1
5208,5
5209,5
5210,2
5211,27
5212,1
5213,0
5214,2
5215,27
5216,5
5217,8
5218,23
5219,6
5220,13
5221,6
5222,6
5223,27
5224,27
5225,8
5226,19
5227,4
5228,1
5229,8
5230,27
5231,23
5232,27
5233,27
5234,27
5235,23
5236,3
5237,2
5238,10
5239,0
5240,23
5241,23
5242,6
5243,4
5244,4
5245,4
5246,4
5247,4
5248,4
5249,4
5250,4
5251,4
5252,6
5253,13
5254,0
5255,6
5256,6
5257,23
5258,23
5259,6
5260,2
5261,4
5262,6
5263,6
5264,11
5265,13
5266,23
5267,8
5268,23
5269,6
5270,23
5271,4
5272,12
5273,12
5274,6
5275,23
5276,23
5277,23
5278,23
5279,23
5280,27
5281,6
5282,4
5283,4
5284,0
5285,6
5286,4
5287,36
5288,8
5289,13
5290,23
5291,6
5292,34
5293,23
5294,13
5295,27
5296,0
5297,6
5298,23
5299,6
5300,4
5301,4
5302,4
5303,4
5304,30
5305,6
5306,0
5307,23
5308,4
5309,23
5310,6
5311,23
5312,4
5313,4
5314,6
5315,16
5316,13
5317,5
5318,23
5319,6
5320,17
5321,17
5322,17
5323,6
5324,4
5325,23
5326,4
5327,27
5328,5
5329,6
5330,5
5331,6
5332,6
5333,0
5334,6
5335,19
5336,6
5337,2
5338,23
5339,23
5340,6
5341,23
5342,12
5343,6
5344,27
5345,4
5346,5
5347,6
5348,5
5349,23
5350,4
5351,8
5352,4
5353,4
5354,23
5355,23
5356,4
5357,4
5358,19
5359,17
5360,6
5361,19
5362,8
5363,20
5364,6
5365,6
5366,23
5367,4
5368,27
5369,23
5370,5
5371,4
5372,23
5373,18
5374,7
5375,6
5376,23
5377,23
5378,23
5379,22
5380,13
5381,13
5382,7
5383,27
5384,6
5385,4
5386,23
5387,6
5388,17
5389,0
5390,4
5391,3
5392,5
5393,16
5394,8
5395,6
5396,34
5397,5
5398,13
5399,27
5400,6
5401,6
5402,4
5403,0
5404,7
5405,13
5406,8
5407,20
5408,29
5409,6
5410,6
5411,6
5412,6
5413,13
5414,13
5415,13
5416,23
5417,34
5418,8
5419,13
5420,5
5421,34
5422,34
5423,8
5424,26
5425,6
5426,6
5427,4
5428,8
5429,8
5430,21
5431,6
5432,2
5433,34
5434,19
5435,23
5436,27
5437,27
5438,8
5439,4
5440,38
5441,8
5442,5
5443,5
5444,8
5445,5
5446,4
5447,4
5448,0
5449,6
5450,5
5451,6
5452,6
5453,19
5454,4
5455,6
5456,26
5457,8
5458,6
5459,23
5460,6
5461,23
5462,4
5463,23
5464,23
5465,23
5466,0
5467,8
5468,4
5469,0
5470,27
5471,14
5472,5
5473,6
5474,23
5475,8
5476,13
5477,23
5478,6
5479,6
5480,0
5481,6
5482,6
5483,6
5484,6
5485,14
5486,27
5487,3
5488,13
5489,17
5490,17
5491,8
5492,6
5493,4
5494,20
5495,6
5496,27
5497,16
5498,13
5499,2
5500,7
5501,19
5502,7
5503,1
5504,7
5505,0
5506,13
5507,27
5508,8
5509,6
5510,1
5511,5
5512,6
5513,5
5514,2
5515,3
5516,2
5517,3
5518,6
5519,12
5520,34
5521,5
5522,6
5523,23
5524,22
5525,22
5526,6
5527,17
5528,6
5529,13
5530,0
5531,1
5532,1
5533,7
5534,7
5535,1
5536,7
5537,7
5538,1
5539,6
5540,36
5541,3
5542,4
5543,5
5544,11
5545,11
5546,6
5547,5
5548,27
5549,6
5550,34
5551,12
5552,8
5553,5
5554,6
5555,20
5556,27
5557,6
5558,8
5559,6
5560,23
5561,6
5562,3
5563,6
5564,2
5565,2
5566,4
5567,2
5568,27
5569,13
5570,4
5571,6
5572,6
5573,17
5574,3
5575,6
5576,29
5577,8
5578,6
5579,6
5580,2
5581,2
5582,0
5583,6
5584,8
5585,6
5586,8
5587,8
5588,6
5589,4
5590,11
5591,11
5592,11
5593,11
5594,11
5595,11
5596,8
5597,8
5598,14
5599,5
5600,23
5601,8
5602,4
5603,0
5604,8
5605,13
5606,13
5607,10
5608,4
5609,4
5610,6
5611,4
5612,2
5613,5
5614,8
5615,6
5616,6
5617,6
5618,4
5619,5
5620,8
5621,4
5622,6
5623,19
5624,7
5625,19
5626,7
5627,7
5628,7
5629,7
5630,0
5631,1
5632,1
5633,7
5634,0
5635,0
5636,7
5637,1
5638,7
5639,1
5640,7
5641,7
5642,6
5643,0
5644,0
5645,16
5646,16
5647,7
5648,0
5649,6
5650,6
5651,6
5652,8
5653,28
5654,6
5655,3
5656,6
5657,27
5658,8
5659,8
5660,0
5661,1
5662,7
5663,7
5664,1
5665,1
5666,5
5667,6
5668,8
5669,8
5670,38
5671,6
5672,6
5673,31
5674,6
5675,4
5676,2
5677,17
5678,6
5679,5
5680,8
5681,8
5682,8
5683,5
5684,5
5685,8
5686,4
5687,7
5688,6
5689,27
5690,6
5691,1
5692,5
5693,5
5694,13
5695,14
5696,27
5697,27
5698,6
5699,5
5700,6
5701,0
5702,0
5703,7
5704,1
5705,1
5706,6
5707,19
5708,7
5709,1
5710,8
5711,6
5712,5
5713,6
5714,6
5715,6
5716,13
5717,16
5718,16
5719,7
5720,16
5721,16
5722,7
5723,7
5724,0
5725,4
5726,6
5727,27
5728,6
5729,6
5730,6
5731,13
5732,40
5733,4
5734,4
5735,5
5736,16
5737,3
5738,5
5739,6
5740,5
5741,6
5742,5
5743,6
5744,4
5745,4
5746,4
5747,6
5748,19
5749,26
5750,26
5751,6
5752,8
5753,6
5754,6
5755,6
5756,5
5757,6
5758,6
5759,6
5760,13
5761,13
5762,6
5763,10
5764,13
5765,6
5766,26
5767,6
5768,6
5769,5
5770,6
5771,14
5772,4
5773,4
5774,4
5775,4
5776,29
5777,6
5778,6
5779,6
5780,6
5781,6
5782,6
5783,5
5784,20
5785,6
5786,13
5787,4
5788,4
5789,4
5790,6
5791,13
5792,6
5793,8
5794,6
5795,6
5796,20
5797,8
5798,4
5799,0
5800,4
5801,7
5802,4
5803,6
5804,2
5805,4
5806,13
5807,20
5808,6
5809,6
5810,6
5811,14
5812,4
5813,4
5814,6
5815,20
5816,5
5817,6
5818,6
5819,4
5820,17
5821,6
5822,6
5823,6
5824,15
5825,34
5826,5
5827,6
5828,6
5829,6
5830,1
5831,8
5832,2
5833,5
5834,6
5835,0
5836,6
5837,6
5838,6
5839,6
5840,6
5841,19
5842,14
5843,5
5844,6
5845,5
5846,6
5847,6
5848,6
5849,6
5850,5
5851,6
5852,6
5853,8
5854,8
5855,6
5856,6
5857,6
5858,6
5859,6
5860,20
5861,6
